4032139,1.20058
2055486,0.509774
5626651,1.47608
42065,0.00765094
6297788,1.66156
8871407,2.65312
3106899,0.801168
2410855,0.59817
558704,0.129056
9012730,2.47787
6099403,1.63177
7189925,1.94018
3759151,0.978011
8004274,2.20221
4125525,1.05936
7580493,2.08413
9045670,2.46129
2987773,0.768997
2956967,0.78016
1941281,0.477229
8114281,2.20089
4266506,1.09593
875524,0.2009
7067836,1.90875
1380084,0.364717
8178770,2.22224
1411049,0.34223
4234128,1.10746
7753911,2.11336
7899078,2.13344
5810276,1.55536
6453164,1.77155
2707461,0.709328
9644353,2.65573
1177165,0.289262
6227021,1.66211
3801500,0.97699
5282817,1.38053
6840652,1.84733
7406770,1.985
499171,0.111366
4079409,1.04843
4411743,1.18522
3267462,0.842359
6624122,1.79902
4766366,1.24911
9547276,2.62327
8250893,2.23737
4047897,1.03789
4948758,1.31252
2387562,0.598895
6651722,1.77865
2723540,0.702964
8971795,2.46803
2760013,0.699129
4964843,1.2933
6936320,1.87922
9554308,2.67241
5942592,1.56632
6907189,1.87964
9876788,2.73097
2608585,0.669719
8355956,2.30238
4429164,1.16027
6110699,1.66281
2802260,0.713421
1530409,0.376033
3383207,0.875101
8073934,2.18955
3347406,0.870008
6028012,1.59903
5476166,1.46239
1806478,0.448284
3627072,0.95652
5718352,1.52348
3841140,1.02392
5741439,1.51965
8354362,2.27569
8154513,2.20553
3699335,0.951555
1150938,0.27412
1441953,0.353366
4870811,1.29444
6116492,1.64078
8867038,2.44323
4381390,1.14846
6561477,1.76111
310525,0.0707676
9442168,2.57544
4277176,1.15519
2330872,0.593831
1032538,0.250651
1911355,0.471985
7160829,1.94928
4367411,1.16065
3558111,0.926403
8301739,2.23103
584017,0.131924
3401902,0.886784
3462337,0.892522
3472038,0.884756
611878,0.140751
4681472,1.21917
421682,0.0937957
8996054,2.48018
1059821,0.25277
9852891,2.70699
5912815,1.56781
6927649,1.88555
2258700,0.574619
3142222,0.810255
9188215,2.50151
2602072,0.655309
2084278,0.513203
2457180,0.620945
9059384,2.51434
66574,0.0128978
7270381,1.98732
9212542,2.54188
1567039,0.388352
6468083,1.72174
9539672,2.64329
8358053,2.2769
6050729,1.59841
5352453,1.42177
8058205,2.2069
5482368,1.4598
7818714,2.14272
6783529,1.83059
8632822,2.33137
2675395,0.703626
8278686,2.24488
6359966,1.71814
9233451,2.53494
8585711,2.35524
7151390,1.93862
5271824,1.4007
1260052,0.301435
9672903,2.64327
9051173,2.4577
4008246,1.03262
4901906,1.2893
6159388,1.63284
3353366,0.853889
8778410,2.41564
4224614,1.10234
5831032,1.56289
2362135,0.595715
5553325,1.4655
1406160,0.349982
8993583,2.47076
2781765,0.707459
5873993,1.58435
7365633,1.99405
2681853,0.690696
2538937,0.639041
8471152,2.30069
5487114,1.45517
2272872,0.584592
5998672,1.61788
7619829,2.12986
9503567,2.63458
8582266,2.35652
3344540,0.862128
9494017,2.64574
5498838,1.44838
4715294,1.24301
4563131,1.19424
3461053,0.885589
5171031,1.37726
9161246,2.50828
2406435,0.605567
3267076,0.858474
357348,0.0790833
8435987,2.29698
1866192,0.458838
2742073,0.710462
2285225,0.581897
8095683,2.20818
2798086,0.706172
1063490,0.25635
3284492,0.845824
5552783,1.50916
8480244,2.29997
291791,0.0623086
4929162,1.30994
2777730,0.715479
6012287,1.62356
6623079,1.77636
6460651,1.73951
7790931,2.17587
6267660,1.66605
7794912,2.1101
133875,0.0283116
6700193,1.80715
313307,0.0700086
917940,0.216409
6247108,1.67739
9077087,2.51388
879225,0.210293
4913156,1.30225
9333235,2.58541
9960888,2.83168
8652205,2.42117
2111640,0.53255
2982339,0.768442
1254156,0.31738
3740308,0.960576
9112716,2.51979
8399171,2.37945
7863519,2.14594
6554054,1.75672
3298212,0.864713
6400808,1.7532
681742,0.157526
4104356,1.08344
1527159,0.375966
2910156,0.760262
4098802,1.0723
8639995,2.3921
5084506,1.40388
9617259,2.72355
7905323,2.16826
6496550,1.72929
4570476,1.18646
5755548,1.51482
9652795,2.68803
782865,0.181688
6828632,1.84907
1094832,0.260966
74817,0.0151438
9929268,2.76752
1334726,0.332497
3124007,0.801211
3527436,0.909952
3672929,0.949724
8721613,2.40676
9406814,2.58445
569884,0.127824
7445141,2.01254
798827,0.184587
3306866,0.859798
4312979,1.14868
1184079,0.299645
5585910,1.46519
3405011,0.871388
8390562,2.28013
8352099,2.29169
459231,0.103451
274354,0.0591824
9735679,2.68592
7303174,1.97848
1590636,0.388607
596002,0.133978
1673589,0.415845
4261156,1.11841
5524692,1.47849
9533693,2.61003
4363674,1.1306
5532867,1.45354
3349917,0.85436
1964874,0.497968
3495960,0.9049
947110,0.222126
4097651,1.07198
6163856,1.63901
5050995,1.34074
4012773,1.03658
4448225,1.18164
3559146,0.921645
8575372,2.33305
8020496,2.19447
9022994,2.47549
4952832,1.30441
9986483,2.73184
4805941,1.24406
549778,0.124772
9944342,2.78838
6187679,1.6533
2245132,0.569495
4331314,1.11963
5530936,1.46818
8107948,2.20476
6034945,1.59587
3275867,0.859518
5813943,1.57719
7038228,1.87834
9630619,2.62802
8693259,2.35992
128556,0.0266063
2089543,0.514532
7230586,1.95991
9749243,2.74642
5482076,1.45587
6975702,1.86594
1752447,0.427081
6177830,1.64418
2924100,0.758246
7909525,2.14966
7527677,2.03877
7292540,1.94597
2924990,0.740527
9736997,2.65352
5950181,1.59365
3886414,1.0092
5652551,1.49458
4025059,1.03917
7375516,1.9926
2066851,0.508387
7462131,2.0199
7822430,2.14259
4832831,1.28353
7679028,2.11403
7223442,1.98716
8324693,2.28434
3171834,0.85908
7941132,2.20024
8055417,2.22583
6075870,1.65037
1652,0.000242622
8332576,2.33228
8729798,2.42578
1587398,0.399404
8838183,2.46267
5241246,1.40672
5967489,1.62672
5953942,1.63374
6236510,1.70577
8488893,2.33852
9286040,2.55762
9982186,2.73317
3931068,1.0137
9928823,2.78413
5484508,1.46894
6966701,1.87383
2596989,0.654831
8779541,2.38925
903935,0.21168
1893601,0.470351
479678,0.106402
1255078,0.300084
3078866,0.801274
6609015,1.79788
6544389,1.75054
700670,0.164022
473896,0.113014
5095994,1.36004
3544663,0.940424
18368,0.00300264
6980630,1.8867
9694692,2.67292
9438234,2.57037
3593564,0.917768
8598563,2.32067
5274294,1.3802
2133500,0.533781
2091431,0.517978
9367152,2.56726
6831161,1.84272
4625615,1.20031
700169,0.161556
1619117,0.390249
1876246,0.458275
9642733,2.60797
2732696,0.682406
2794397,0.698146
3742502,0.972767
7642096,2.04099
1465575,0.363132
5604649,1.47021
7350417,1.96054
442285,0.0983914
950528,0.21906
8302416,2.24865
9952214,2.74901
7514374,2.0834
1652408,0.417412
8724281,2.4066
6616204,1.80429
7116667,1.91574
4709966,1.23134
9775634,2.67615
880623,0.213621
9045022,2.49548
2574670,0.637641
1252054,0.29849
6294003,1.66636
956573,0.229588
4073788,1.08761
6992967,1.9007
1597642,0.386377
7786085,2.09557
1038792,0.255685
5772774,1.55546
4374556,1.14646
9499780,2.6267
1382573,0.347772
5345698,1.43507
704456,0.168944
8988243,2.51537
5502415,1.50345
7902969,2.17608
1205420,0.289377
4727314,1.33019
619850,0.173991
4720193,1.45014
527278,0.121346
7572550,2.10744
9031648,2.47193
5948435,1.58903
4539170,1.19513
5992084,1.61602
8730616,2.37231
7884891,2.11836
6755563,1.81938
1868479,0.456209
1067625,0.253432
28650,0.00513756
5338636,1.40464
5039789,1.34866
1746383,0.450182
4288365,1.14885
1130286,0.28603
1353880,0.337117
3667152,1.02949
1951986,0.528794
6533398,1.76803
6789754,1.80308
9579279,2.7151
1681854,0.422049
6745212,1.85596
7942918,2.16826
1398129,0.334105
1297928,0.309403
7676047,2.12868
6634977,1.76904
659627,0.152217
3226845,0.834888
7120713,1.92268
2909611,0.764209
8573523,2.39707
8442958,2.29983
8482414,2.29435
7669431,2.07892
1722252,0.422012
9148954,2.48076
5976629,1.57955
4663216,1.21837
9477848,2.5873
8081322,2.1878
8728293,2.41884
9758901,2.66946
4364456,1.12928
4611249,1.22278
9992829,2.77746
9631251,2.65375
5573419,1.47457
9308835,2.5604
8256232,2.26118
5060386,1.33004
8435621,2.30874
1283977,0.307472
5330933,1.39918
52462,0.0102424
9243160,2.51969
9977859,2.73722
3534925,0.908331
6707524,1.78709
6150973,1.62505
4467347,1.16127
8822728,2.39686
1913540,0.502416
9275715,2.53277
726285,0.172173
521248,0.121201
5728347,1.5225
8874422,2.40843
4626933,1.22055
9462733,2.62042
4899152,1.27476
4562799,1.17546
6621661,1.78003
2705372,0.681083
4283404,1.11199
9750655,2.65897
671753,0.152961
5995795,1.61082
5891740,1.56094
2931333,0.75271
80379,0.0150516
7762182,2.09214
8787870,2.40493
6052340,1.61037
475971,0.109564
9846321,2.70687
9298260,2.53277
9314282,2.56005
6697987,1.79903
2656267,0.669816
4264947,1.14719
2872488,0.753304
2748320,0.687278
2341975,0.591566
2340521,0.574482
6623084,1.75681
9956763,2.7466
1568219,0.39285
337851,0.0769803
7432128,2.01878
511084,0.114965
8305883,2.26849
568513,0.130861
9864912,2.68492
3153581,0.79258
5497756,1.43599
7569429,2.02152
1176375,0.293031
5715235,1.53709
6853607,1.82109
4267335,1.1164
2466731,0.611674
7889011,2.13661
5619425,1.46323
9025755,2.47307
792127,0.18897
1232814,0.309487
4072286,1.06238
5271805,1.382
3735806,0.959739
115997,0.0246987
2870951,0.719336
1605642,0.383346
6943792,1.86657
8636315,2.35636
3156672,0.798637
1863311,0.45895
1746572,0.427436
3475216,0.878703
3749827,0.96848
9137171,2.48729
9343186,2.54971
5619384,1.49184
7424824,1.99708
5707440,1.51121
6506528,1.73652
7249816,1.94351
9611751,2.60804
2306226,0.591876
82306,0.0182512
3857578,0.995973
9903030,2.78232
2847571,0.713232
4729672,1.25994
4841540,1.26934
2476660,0.618448
7703978,2.06513
6881914,1.87667
5243063,1.3786
8508953,2.3236
4314298,1.11376
9109473,2.55504
6862965,1.85217
7310687,1.99448
5074800,1.34943
8118201,2.26846
4810564,1.26235
8266640,2.24229
635700,0.150462
6157287,1.66835
2213861,0.550092
9562291,2.61469
9613008,2.66943
2920566,0.763589
3337639,0.856489
7836889,2.12847
5164875,1.39767
2856912,0.758202
7414859,2.05241
8688421,2.37055
414087,0.0921545
6590174,1.74635
4578590,1.2044
4357709,1.15044
6986548,1.89344
7955255,2.19597
5082320,1.35024
5416668,1.43464
8089594,2.25507
8765988,2.42072
2707924,0.697175
5007161,1.33631
8646952,2.37516
6332891,1.72099
6099054,1.62594
7943966,2.15691
4487836,1.17644
6694921,1.78541
8002815,2.15442
5801048,1.55807
8193192,2.2437
8239941,2.25611
1623287,0.415143
1235672,0.310498
5380790,1.41388
1037583,0.244589
8653793,2.32434
8530765,2.36121
777618,0.185223
9056065,2.50503
9433282,2.6002
4959357,1.32517
4222809,1.14726
9358753,2.69695
3297087,0.844544
8615451,2.35499
9468,0.00153445
9791284,2.69421
2681051,0.690299
3006167,0.802908
3817634,0.99144
4653467,1.22146
2290921,0.584381
7086621,1.92733
6511431,1.74286
2436979,0.608236
3549538,0.904668
2935149,0.746901
4159857,1.12548
4313688,1.1298
537853,0.120888
6800758,1.85492
9233211,2.5604
2591206,0.661717
5748521,1.52174
9165559,2.55929
9111012,2.4971
1149183,0.273898
4630943,1.20851
4298224,1.14393
9402824,2.57113
5256987,1.38589
9231643,2.53846
1224428,0.294238
7926883,2.14665
9087107,2.51477
986943,0.238148
9340674,2.56848
287895,0.0647884
9777313,2.68294
9408460,2.5805
180694,0.0393144
2876682,0.729462
2726951,0.6938
3975571,1.02858
138120,0.0277257
4560895,1.18401
6958833,1.87814
9274500,2.54029
7124487,1.91017
2573924,0.650609
9972811,2.72976
2237690,0.55464
9036950,2.46858
6712967,1.80925
991881,0.237377
6052094,1.64318
6304187,1.7002
9785819,2.75692
8616338,2.38717
7926252,2.17273
1574468,0.386726
6441128,1.7467
6119816,1.65762
7788189,2.14134
552913,0.125557
3608696,0.955058
6708174,1.84663
9570340,2.63709
5796523,1.53365
4241217,1.12102
752788,0.180876
6964968,1.91535
5679036,1.52085
7956367,2.1756
9097027,2.50303
2956725,0.75153
4953179,1.31262
123716,0.0268486
5722991,1.52474
6187719,1.64117
1337004,0.32539
4631416,1.22903
9468247,2.63401
1434245,0.357513
1282268,0.311218
866459,0.203611
1518688,0.370619
1359702,0.330034
9757984,2.71126
6299229,1.68173
4020793,1.0927
1184781,0.295917
1943114,0.496944
7371188,2.00551
1201115,0.29802
6487360,1.77381
4383260,1.16512
3176736,0.835093
8438575,2.31611
1940960,0.485671
2224,0.000312721
6250308,1.68128
9632392,2.66381
6243825,1.6664
2738088,0.732083
2262130,0.592669
7805262,2.18697
6165008,1.70338
1691331,0.424341
1514409,0.36819
7222537,1.95373
3713748,0.983134
4151808,1.08233
4234167,1.12897
5684558,1.51292
4814062,1.28144
1777748,0.437155
6304581,1.67547
6171376,1.64135
8560812,2.36396
6752822,1.81912
513605,0.115142
4856266,1.26933
8127906,2.19767
7499317,2.03612
9854661,2.71524
4433355,1.15165
622598,0.150881
5422422,1.45527
9128692,2.54013
8681594,2.42045
3191473,0.838306
5980214,1.6346
7726139,2.12059
2929220,0.770458
3717845,1.00403
481518,0.1113
6851644,1.9071
3764955,0.985732
266130,0.0595831
7576638,2.1056
7765314,2.15104
7320549,2.01435
8419011,2.36022
5037801,1.37315
786565,0.188431
1615993,0.407005
2828304,0.73651
779839,0.187214
8533853,2.40438
9008779,2.53504
1369317,0.348555
8132288,2.23562
618088,0.147452
8463840,2.37233
3044935,0.807792
8160747,2.2443
4016368,1.08495
4950382,1.37516
1799440,0.467125
4326420,1.16159
3517165,0.920003
693810,0.163983
6987424,1.94228
1787114,0.4487
2209458,0.559149
6972865,1.91014
554669,0.127503
7038213,1.94775
9934895,2.80816
6458760,1.78287
8351301,2.38703
1345220,0.332439
9955863,2.79905
581087,0.136376
3749533,0.995047
9165167,2.6175
6799505,1.86889
8339967,2.3277
3624350,0.96404
8447842,2.35757
8386715,2.33154
4157647,1.09782
7431761,2.03766
5746336,1.56663
3112074,0.819976
4264664,1.1394
2937422,0.768093
8007289,2.22313
7989753,2.20557
2686873,0.700635
8325280,2.3075
1085659,0.271802
2071337,0.541679
7921644,2.20627
6587017,1.79956
6390674,1.76816
3533268,0.93737
1713037,0.430945
1175703,0.29086
7304773,2.01972
4820187,1.31037
1078245,0.263607
4761534,1.28819
1216346,0.30048
6115396,1.67738
9802699,2.79623
7686659,2.12181
2623390,0.671376
7185705,2.00943
6462017,1.76317
9005179,2.58804
5869686,1.64
4942613,1.35047
9515855,2.7217
4850455,1.32756
9398245,2.63365
4815472,1.33293
6689603,1.88856
4331676,1.17332
4446726,1.20671
3717319,0.995097
9830131,2.83819
5076135,1.4163
104119,0.0219197
5286885,1.4661
7340138,2.04381
4840162,1.3167
622768,0.143538
8951688,2.49965
1476512,0.372277
4628796,1.23954
5842271,1.61626
1278111,0.317642
8083451,2.67881
9868411,3.31554
4167896,1.31678
8231835,2.71253
4683693,1.48913
4747937,1.51995
19369,0.0041198
1168218,0.346797
5648183,1.82579
9011188,2.98506
6047303,1.96247
9379000,2.84497
963664,0.237542
8929869,2.52815
672693,0.15998
2202196,0.572622
9703522,2.72663
6589355,1.82457
6223266,1.72706
2789800,0.726902
4835196,1.32456
379909,0.0856903
1762414,0.447526
1841376,0.461517
1643801,0.41404
9716008,2.74532
9993908,2.84252
2843330,0.739974
682759,0.161808
7013211,1.90899
7553840,2.06831
6952656,1.91547
3717118,0.967173
9643079,2.67486
3523825,0.921116
6574552,1.77969
8617866,2.37675
5304523,1.42727
8137133,2.28004
8751594,2.49042
2244436,0.579181
2895762,0.762035
4732508,1.26354
8638225,2.39882
9664824,2.69074
9862507,2.76414
7263314,2.01096
3999157,1.04742
3873224,1.02791
7724735,2.12864
3069100,0.813196
535678,0.122422
9848695,2.75282
4892723,1.32816
7720896,2.12658
8814605,2.44526
27151,0.00524503
4476857,1.19705
5802848,1.60699
649715,0.152324
4959601,1.32901
3751012,1.02547
7838979,2.1832
3665424,0.967908
2045710,0.530018
4458169,1.20209
552362,0.130596
2028568,0.516765
9455708,2.65935
2722715,0.70815
3085704,0.807341
9961371,2.81007
2197307,0.560076
206937,0.0453706
1465945,0.364059
5611347,1.51463
6051210,1.69016
7085447,1.99764
2053941,0.532052
8291847,2.34047
5267859,1.43271
6056629,1.6708
770430,0.191382
5429073,1.50524
5351295,1.47567
9295132,2.58552
7449634,2.04855
5325628,1.43398
2225496,0.562106
3640782,0.955731
2113968,0.5356
4093923,1.0845
5489427,1.49895
1811164,0.464947
730101,0.168011
5038008,1.35167
6288033,1.71434
6782677,1.8336
327222,0.0721345
7509808,2.05949
4516604,1.22483
1482061,0.374141
5257079,1.41636
939846,0.222753
5012782,1.3506
6824470,1.88845
6267831,1.715
2543255,0.658408
5309253,1.46334
6601915,1.80169
1514990,0.377408
7305477,1.99003
2157513,0.555829
711912,0.166422
1073908,0.257468
6186905,1.70887
8350737,2.3426
8470822,2.34863
961021,0.232335
5837616,1.58647
9420916,2.61886
3835342,1.01963
7435391,2.0247
9292336,2.57499
7048859,1.94799
5212971,1.4064
8710156,2.45596
7199665,2.0185
6203129,1.74045
9426391,2.67059
1474499,0.376377
5391804,1.47501
6934705,1.9391
573113,0.132569
6353014,1.73019
4176294,1.15292
5660923,1.55472
2904667,0.749203
5200053,1.39289
6182905,1.68286
5530979,1.52012
5414088,1.47143
7640151,2.09221
4564616,1.22333
7553255,2.06372
1710248,0.437143
1227451,0.314105
1411750,0.356284
1182953,0.302313
3003415,0.801522
5028093,1.3615
5540294,1.47403
3338894,0.867974
1770542,0.454599
9891272,2.79534
9837323,2.7746
6803889,1.85882
8906525,2.46132
3713789,0.979761
6854293,1.87662
7115958,1.91312
4343976,1.13731
6257985,1.68181
6770377,1.85122
370826,0.0829288
4217332,1.11579
6041776,1.65409
5910230,1.58093
4311330,1.11264
9823362,2.76107
1583326,0.395114
2432116,0.612808
3558642,0.920957
1000304,0.234024
239,2.7681e-05
3636137,0.94049
9777599,2.70712
8890311,2.4126
663,8.6004e-05
1023367,0.24114
1724715,0.423794
4108473,1.08441
3895578,1.02327
9962912,2.78638
6980849,1.85479
2659928,0.671649
1545343,0.370414
7539481,2.01589
2467210,0.64038
5088470,1.35114
9283883,2.54635
6145993,1.65255
8120291,2.21481
1728241,0.435619
7407562,2.00582
6928268,1.86681
8366950,2.32438
3886749,1.03375
9052823,2.50691
176711,0.0358289
2416663,0.612861
2146815,0.537022
1183869,0.287461
3719443,0.98465
7028401,1.87597
46663,0.0092695
5333726,1.45455
4764856,1.24149
6114428,1.64982
778218,0.181192
926829,0.217306
1013974,0.244001
5218451,1.38791
8296633,2.25971
6603003,1.78591
4926004,1.30876
920336,0.226768
6526388,1.72346
5587790,1.51084
8011230,2.20441
6415676,1.74146
8257942,2.29939
4583840,1.23365
292112,0.0663649
5312220,1.45292
2916820,0.743716
9995358,2.77383
8165610,2.22953
2080017,0.52164
8644563,2.36871
3443383,0.873868
5836080,1.53745
2764043,0.69717
4797278,1.2576
753211,0.177454
5053214,1.33038
6106080,1.66966
9160608,2.53032
2792019,0.696219
5629870,1.51183
9070129,2.48662
3589668,0.954338
5674345,1.51735
9949371,2.76802
6420443,1.72959
4349540,1.12546
1469999,0.361328
3641380,0.944978
7219,0.0012019
8209833,2.24966
4044465,1.04595
237956,0.0521232
7999858,2.16966
4445306,1.14954
2503120,0.628897
6475788,1.72411
3341105,0.853113
7447261,2.04112
3106599,0.786062
6106595,1.61861
2272366,0.572894
6074804,1.65467
5781683,1.54852
3911149,1.0126
1865665,0.461242
6278651,1.70082
7376283,2.0259
5215651,1.36028
4043244,1.08835
7298037,1.9767
1091347,0.2582
4196599,1.10405
375848,0.0864333
7711608,2.12184
1377196,0.333435
2973022,0.746318
3374672,0.866506
3850739,0.993423
8030839,2.21996
7686395,2.08286
2678947,0.676468
1829283,0.443346
6432181,1.72442
3800173,1.0004
7187167,1.91497
505549,0.116438
4480168,1.17587
7664824,2.05612
3956603,1.04131
4752125,1.25722
7284550,1.96065
8738879,2.39807
10084,0.00174398
5896675,1.59226
2811398,0.735378
8019023,2.18905
3789785,0.985524
7705910,2.10074
4558678,1.185
9740894,2.6757
8608844,2.39886
9309786,2.54845
9994320,2.75305
8699760,2.4136
4161327,1.08919
7797143,2.09806
956659,0.224578
3932394,1.00476
1207257,0.304506
5409118,1.45701
3483068,0.914918
1591634,0.387022
1727170,0.41833
5030983,1.31125
5707062,1.53922
8951299,2.45947
3833897,0.97272
5578431,1.4996
3291135,0.849199
9949652,2.8113
2709952,0.691046
6147904,1.65191
5750642,1.52963
9122428,2.51459
526606,0.119264
1320773,0.31383
348149,0.0756328
7574309,2.04884
9907544,2.74809
1850702,0.481523
4371326,1.17447
1510516,0.378732
5501872,1.46954
9797244,2.67698
328972,0.0734965
1041437,0.248627
3071065,0.78958
9741666,2.69616
1007972,0.237281
6323442,1.71198
8385620,2.29493
8881679,2.45465
4907382,1.29754
2535066,0.642339
6329847,1.72039
6574832,1.75744
7005796,1.88499
9813521,2.67982
2578591,0.647179
1027835,0.247029
139359,0.0283384
6158648,1.68026
5401915,1.45025
7876208,2.11541
4824354,1.28084
7269734,1.96559
3103126,0.815991
3189111,0.823007
2480043,0.640064
535373,0.120225
4012789,1.06979
7215040,1.97847
2990428,0.779476
1465764,0.365919
7866093,2.17999
2721261,0.690434
7543547,2.0732
8033900,2.2356
4531957,1.22101
6812661,1.83009
6098833,1.6691
4109559,1.06476
6788101,1.84198
8905678,2.49361
1831888,0.456647
31688,0.00599561
9081198,2.50889
8054036,2.16654
3512709,0.898896
5233464,1.39858
6106715,1.63582
9134998,2.51536
1487310,0.370856
9139595,2.55228
2635573,0.665103
6467301,1.74446
7772618,2.12682
5995359,1.60083
7081102,1.90908
5632053,1.52392
7236085,1.97895
881476,0.206667
5812431,1.53562
2814236,0.714864
79954,0.0159394
3282486,0.833628
5872389,1.55548
7708684,2.08298
7687155,2.08738
9349584,2.58949
842858,0.200423
9038609,2.51292
7584959,2.05642
3072806,0.785339
5990506,1.59295
2310483,0.581067
4034031,1.05985
3626521,0.948168
63652,0.0126811
4275067,1.11059
5582648,1.50003
7369674,2.04545
80610,0.0169848
8380043,2.2866
5468743,1.44795
1252559,0.296955
1165015,0.281866
1285826,0.310732
9608268,2.66677
8751310,2.41733
8693224,2.36631
4970734,1.30967
7424351,1.98587
9365184,2.64052
4993368,1.35115
5271621,1.40817
4846424,1.25661
4487987,1.1614
1737950,0.437842
3060599,0.78691
2435700,0.609511
6408247,1.70523
7313789,1.98923
191320,0.0397954
6438932,1.78271
2302911,0.597672
6921151,1.87289
1578781,0.383491
6686117,1.79197
1831020,0.455887
3102418,0.804793
1797231,0.456074
7293211,2.0003
3528630,0.900288
8470068,2.34317
8408835,2.34379
143493,0.0312338
7621380,2.07675
2345514,0.614239
9302804,2.55938
3365335,0.888324
858202,0.202289
9443720,2.57678
297942,0.0656121
9502160,2.61142
3624739,0.943124
5610975,1.53469
9807247,2.70688
1086223,0.268663
2240213,0.565191
5827394,1.57574
820195,0.194731
704363,0.163231
5361160,1.41763
2322486,0.588153
3270506,0.838888
5419571,1.49007
8570564,2.33797
3752271,0.983049
1761683,0.430037
6502367,1.79242
3948766,1.0234
8958908,2.53281
8771761,2.4396
4718282,1.26614
7029777,1.90216
5968550,1.62485
4483318,1.18307
8011910,2.21688
6821917,1.83815
9246816,2.56732
5035264,1.3324
5030653,1.35125
8779465,2.41609
6644799,1.78947
7329146,2.01031
9520907,2.62245
9931718,2.75562
6015688,1.60993
8357906,2.28017
303681,0.0643513
3983102,1.03033
1558473,0.394237
1152154,0.273386
9117615,2.52128
9786309,2.68204
6836847,1.84634
16588,0.00307906
3983476,1.06504
6267557,1.65861
5093425,1.33315
2267644,0.559608
3190116,0.814132
454945,0.103652
2258581,0.560498
4524650,1.21799
9741642,2.7268
2579702,0.651887
1449760,0.347138
3691023,0.954247
560425,0.129497
204638,0.0436592
8857905,2.42328
965106,0.22475
9013769,2.45786
2690686,0.685413
227336,0.0494116
5852915,1.57024
4054792,1.09942
1194534,0.29434
9896346,2.73711
5174584,1.38784
1657607,0.411936
4286712,1.14637
5516494,1.45697
8077811,2.21207
1828016,0.452187
3139329,0.798804
5260548,1.39342
1724516,0.426064
6999218,1.89172
9009311,2.53135
5687442,1.51351
138274,0.0276631
5757347,1.55476
747513,0.179539
5081548,1.41351
6315340,1.75406
6172014,1.67772
633187,0.14511
154885,0.0312064
1097506,0.264276
1125182,0.264114
5189870,1.37892
930311,0.224966
1569243,0.391659
5873836,1.6379
7107295,1.94352
8156682,2.24714
6689155,1.79051
8611735,2.39286
8317494,2.32592
1637216,0.412344
1854640,0.463317
988879,0.235252
6265718,1.71865
1527855,0.373704
1724880,0.429055
144183,0.0315027
6476561,1.76028
9562205,2.67611
2170655,0.544823
9688021,2.64401
1897790,0.467114
7631211,2.03424
1347611,0.316782
6040955,1.6084
3572537,0.933848
3837568,1.00518
8917391,2.44894
5133197,1.33816
511308,0.11274
3546643,0.928292
3439152,0.890596
4959944,1.28968
3028731,0.761819
4318324,1.12712
8261846,2.21574
3790325,0.96818
9226679,2.4973
6266929,1.67395
6759692,1.82091
3401878,0.888273
8106805,2.19142
402263,0.0916799
5959453,1.58106
2803415,0.721081
9107317,2.52405
4216468,1.10992
8799501,2.41508
5873508,1.56678
1442094,0.348093
893465,0.208074
1905346,0.465248
5394771,1.4182
4401919,1.14626
7072095,1.92864
4803837,1.27329
9826744,2.71239
5467776,1.45678
8628330,2.35669
3576845,0.908636
9418670,2.59642
8956919,2.46159
9831982,2.75897
7807455,2.13764
5215531,1.39907
3127435,0.799846
4992517,1.30116
9202964,2.54975
3374104,0.888098
2534300,0.633688
6045617,1.60388
951971,0.225564
7183445,1.96989
7854017,2.11191
5331743,1.40735
7016987,1.90636
191245,0.0416156
2856264,0.72169
926703,0.215441
6160557,1.68957
2885014,0.759465
3786384,0.983739
3412617,0.883874
7146677,1.93954
9566463,2.64181
366466,0.0850573
5296180,1.43375
2217325,0.562079
7301462,1.9768
1136163,0.281955
2897041,0.764443
4771349,1.28875
7700765,2.10133
3426496,0.879768
7684671,2.10153
4890935,1.30685
1815039,0.457373
6719654,1.82351
265006,0.05593
4042802,1.09162
894371,0.214551
82475,0.0162696
505599,0.11807
4656254,1.21252
8759976,2.4277
6854153,1.89474
9712292,2.67747
2826829,0.7384
7948700,2.18957
6264138,1.70512
1221961,0.294073
9385226,2.6099
6586055,1.76677
7377031,2.00424
4161685,1.12113
1520878,0.38941
5103345,1.38838
291435,0.0652747
8643971,2.37515
6636295,1.79745
9372745,2.62997
432273,0.0968581
7589047,2.13391
6726829,1.82834
6892356,1.86947
7106431,1.90798
744440,0.17808
6390785,1.73204
9235206,2.51455
3455668,0.889567
7813710,2.18123
4473846,1.19132
3646190,0.929134
2452234,0.607415
4495678,1.17197
3764455,0.968894
3520909,1.0136
7904939,2.45508
1939039,0.508607
6130544,1.75401
6972964,1.9455
4096785,1.07537
8451892,2.3655
7032895,1.95935
138261,0.0298347
7422936,2.06384
7315844,2.01322
734772,0.178244
3994723,1.05496
729336,0.171835
1930075,0.49597
7730036,2.15674
6532086,1.78588
2872342,0.750778
7902239,2.1955
8876339,2.46744
2054209,0.522808
5755950,1.55631
237509,0.0505775
9412055,2.57846
4195337,1.11998
1249975,0.305847
2317426,0.586323
4216478,1.10848
585050,0.13644
1641239,0.40369
4089548,1.07399
9052053,2.53331
6229957,1.68074
7611486,2.09517
4246261,1.13463
5282616,1.44267
6140675,1.69659
1550405,0.3888
8951081,2.51305
8197772,2.27964
7250570,2.00117
9011126,2.55901
2641154,0.706318
4409574,1.19342
3765901,0.997079
1237284,0.304664
5627294,1.54953
5838746,1.60653
3756411,0.994896
575292,0.136583
9763283,2.74252
4549466,1.22681
784945,0.185977
6485797,1.77014
2428972,0.625256
2901844,0.762366
4837060,1.32906
5016939,1.34131
3049509,0.790941
1994266,0.505101
5468161,1.47455
8193808,2.28571
761619,0.183152
8138151,2.28637
9887687,2.77336
2716530,0.704994
8712720,2.39571
6192923,1.68085
4367072,1.15708
2536550,0.652376
3803746,1.01074
7163193,1.98548
9734364,2.75218
7013129,1.93233
4262813,1.13714
4524431,1.199
8311275,2.31023
1994785,0.513179
6575092,1.83902
5514049,1.50288
1887413,0.486515
2190612,0.557653
8741988,2.45499
5382411,1.44965
9359345,2.67297
203293,0.0464213
5588448,1.59046
5245675,1.45544
1335362,0.331537
9369929,2.63082
5313004,1.44469
8866718,2.48714
2211352,0.574745
9090270,2.53459
5297075,1.42389
7140303,1.9613
8655178,2.46688
397836,0.0900831
5101220,1.36729
4518321,1.19733
3510568,0.928302
4005294,1.04434
8871436,2.48492
6437588,1.76483
9654969,2.70854
4906764,1.34402
237580,0.0504755
2317747,0.588024
2684633,0.692778
6110051,1.69344
6838357,1.86781
6191427,1.67852
8171230,2.26385
5370813,1.45151
767750,0.17938
722314,0.166416
671529,0.161316
2949251,0.774913
5205441,1.39717
8765687,2.44596
3652759,0.96186
983494,0.2421
4318987,1.16855
1677310,0.434503
9013657,2.52212
6652165,1.81336
7925824,2.2288
7454986,2.08747
6367868,1.79362
6287137,1.76305
1193491,0.290998
5287783,1.46341
61228,0.0122654
8861921,2.51097
3065348,0.791402
2464888,0.647595
5787549,1.59362
5294074,1.45025
9185624,2.56611
9456962,2.63765
2500862,0.640622
7846225,2.18345
5209316,1.40745
4242842,1.1376
1492850,0.38251
1023574,0.251591
91237,0.0179384
3381061,0.890827
7219479,2.02731
5359106,1.45782
5924508,1.60326
3187578,0.844816
2848279,0.762785
5352125,1.47205
9319700,2.61264
5794348,1.5931
2688778,0.692834
1547233,0.388177
8642831,2.42034
2707622,0.686585
5809991,1.56055
8717419,2.43422
9608889,2.70207
6193634,1.71844
7278030,2.10789
4769819,1.32469
67498,0.0139211
7488451,2.18395
5719980,1.60902
3994194,1.096
2044643,0.534646
8436795,2.42637
5595221,1.53106
1936635,0.48609
5681739,1.54928
3470236,0.930091
6569877,1.80505
8904113,2.48258
1360952,0.345774
8283382,2.32171
8805721,2.44108
2106246,0.534585
8190727,2.29863
3545965,0.92788
4486306,1.21894
7429550,2.06378
4648709,1.2489
3613147,0.952629
6589158,1.81027
3416670,0.901285
3186631,0.861819
7601529,2.0903
9100801,2.60367
139141,0.0306758
885657,0.220416
2429754,0.659452
5954933,1.68076
8420119,2.3994
5508435,1.49905
279219,0.0641705
8254566,2.39926
1512196,0.395435
7423493,2.11337
5736757,1.55764
9731825,2.82511
5059266,1.41388
7777360,2.22089
2912126,0.76425
587344,0.136631
1103264,0.278404
1850758,0.48415
1632249,0.422941
6498836,1.85511
6869369,1.96083
7502605,2.0779
9078691,2.62649
7764935,2.24445
6671813,1.84718
9930257,2.85839
2763943,0.737695
8700422,2.49248
8937075,2.53049
6866261,1.97239
2316324,0.620592
5441867,1.53219
2663940,0.686443
4967843,1.3395
7492133,2.08597
1153030,0.287528
9050699,2.52192
5400233,1.47454
6284088,1.72601
2578635,0.68074
4166111,1.13205
3974734,1.0583
8426996,2.35203
9310738,2.62782
734211,0.179278
436106,0.101165
2590318,0.683028
4747134,1.29063
8480629,2.38278
8055173,2.23211
504887,0.117626
1654993,0.432854
2824062,0.740368
4221559,1.14893
761790,0.189098
1930430,0.494099
522487,0.124209
9745283,2.78094
8027334,2.29987
2670298,0.702444
2257910,0.585095
6505595,1.79707
4381490,1.17731
4133225,1.13645
3124435,0.821349
4345931,1.16788
9940912,2.81776
9238998,2.6109
3560514,0.952998
1724712,0.433522
8147318,2.26837
3924205,1.04416
7865165,2.2355
2987132,0.781593
6572157,1.83361
2050863,0.530533
6499892,1.81318
9182996,2.58168
8791418,2.45925
8372205,2.36246
9691587,2.75174
2338373,0.604407
7694985,2.13018
5129678,1.4008
1858703,0.473494
2854508,0.754486
3906859,1.06744
7756468,2.16296
2596633,0.674247
2645141,0.678911
1988696,0.502028
660143,0.15848
9784371,2.77205
4716824,1.27923
8045587,2.30208
6813369,1.8964
375762,0.0875881
6579006,1.84327
2656866,0.701126
421634,0.0994756
4388357,1.20856
6200131,1.77398
1591565,0.404699
9283886,2.6019
5601379,1.53937
2677464,0.701453
9312892,2.63686
8082434,2.30413
4289313,1.19439
7032991,1.94925
7039322,1.95508
8025625,2.22403
8322393,2.31845
2459402,0.647735
6033908,1.6873
8860413,2.48102
6551488,1.80952
4697800,1.27353
4010431,1.05956
1107555,0.27136
4832696,1.34217
1624438,0.418794
1243377,0.305758
8784470,2.45857
6586170,1.81742
86345,0.0170557
324144,0.071451
1911422,0.493798
3820904,1.01776
114950,0.0230729
4409436,1.17063
2930779,0.774844
2168617,0.567276
5503249,1.51154
4302244,1.14107
6644611,1.81722
7115326,1.99262
2049130,0.519215
9740006,2.72763
3692951,0.976888
3594049,0.94347
3339949,0.887019
2299183,0.58893
3053347,0.794957
6739769,1.85671
5650254,1.55761
4553574,1.2295
2400466,0.619486
6870752,1.91373
1320899,0.329026
4683236,1.26428
7047871,1.96233
2681789,0.708007
3347785,0.924997
7952429,2.22678
9028702,2.59503
9117956,2.6084
6075504,1.66673
4179274,1.11263
7406239,2.08979
8078134,2.2432
6835149,1.89447
4242965,1.17432
2727696,0.703053
9742216,2.71121
2054862,0.528194
7305505,2.0085
7557160,2.09842
7630226,2.09979
3727028,0.97759
1553795,0.393723
3306728,0.878179
453743,0.106057
9637911,2.7205
7011430,1.96125
4870923,1.33293
9268558,2.60114
8670668,2.44588
1350030,0.346226
7158641,2.04802
4253010,1.1779
2888526,0.775529
6378331,1.78247
7804124,2.24028
5927465,1.62053
8293737,2.31752
6544982,1.83245
8109886,2.2573
4457398,1.19716
5928714,1.62316
5327296,1.46852
7392761,2.0609
9123429,2.57968
767409,0.187302
1036955,0.260857
8294606,2.34811
5309409,1.47016
941424,0.230756
4216895,1.14526
8336699,2.32261
9900865,2.78145
4729014,1.25963
5737045,1.57615
6129793,1.72075
2160139,0.552697
6617183,1.85006
3210614,0.839344
3264849,0.872202
4854093,1.33953
5858989,1.60187
2963353,0.785483
6964510,1.92882
7251171,2.01597
6760136,1.93605
3978782,1.09798
1644840,0.429793
8104781,2.34395
9773835,2.80306
2216538,0.591281
4342611,1.20392
5795574,1.64619
3900935,1.06296
7818757,2.19556
1487395,0.380491
3063047,0.823713
2693319,0.722499
2519674,0.668906
7964378,2.29165
720884,0.174268
2594439,0.696474
7527050,2.15128
8104422,2.33262
5937021,1.65653
3547860,0.939172
6871647,1.94736
2235383,0.592089
9652600,2.80266
4263801,1.15169
3136587,0.840763
925263,0.233162
1701969,0.444252
4106851,1.12799
4826301,1.34759
287820,0.0667489
7622346,2.18967
2531915,0.663636
7702664,2.12356
2656273,0.689928
9839477,2.72598
6313787,1.7169
9593800,2.69599
2495430,0.6548
5249107,1.40723
8963873,2.48471
827100,0.200467
6850014,1.88666
4916550,1.31653
539732,0.125643
2713451,0.70128
4180812,1.119
3483864,0.936054
6103644,1.68327
1329750,0.32973
3187793,0.851417
3241726,0.844263
7417915,2.04355
3748684,1.00095
1811016,0.457105
8561815,2.38171
7008775,1.94309
7214170,1.97561
3264373,0.855229
2316905,0.599573
7029011,1.9195
8588830,2.41188
516144,0.11914
2472830,0.670852
3602246,0.967428
5657286,1.54447
7249939,2.00251
2657916,0.704218
1868303,0.476843
7791179,2.17963
9421086,2.66681
8311994,2.32299
2231790,0.578138
9522976,2.72001
9838804,2.7453
9927536,2.80922
6429202,1.77219
1604058,0.407151
1439400,0.364678
2807355,0.731502
1317351,0.328751
9259272,2.59585
9903647,2.76174
7419791,2.07689
2827912,0.73765
3347409,0.890574
5726951,1.54198
1615547,0.408772
9351436,2.66401
8778496,2.46648
7377618,2.03353
9339704,2.61081
2204724,0.573655
959271,0.233809
1940554,0.496035
6221750,1.69564
3470382,0.913627
9292315,2.59119
2154696,0.560412
579217,0.139637
8315862,2.33347
6085766,1.67385
8495773,2.39737
5227628,1.42913
6617152,1.87448
1807674,0.464801
9432882,2.67821
1823513,0.463305
4892758,1.36712
6085002,1.67113
8107072,2.25593
2972043,0.784952
3365896,0.883646
7821075,2.19348
3300805,0.883403
3929175,1.05319
8288903,2.30507
679251,0.159394
8315698,2.31938
5583675,1.56182
6149298,1.74071
6561469,1.82353
8569188,2.3971
6635761,1.82253
8528507,2.39569
7542774,2.10095
9651431,2.72309
311109,0.069191
3503703,0.929883
6015897,1.68467
5783065,1.59525
5005121,1.3827
8795921,2.49593
3762735,1.01678
5558284,1.53533
4557269,1.22832
9262439,2.63714
9429040,2.71542
7833678,2.22514
8941246,2.51589
6328091,1.75905
8332407,2.35241
4520684,1.25343
6927279,1.924
2897880,0.773631
647775,0.161563
6918449,1.92587
8748598,2.47903
8489830,2.38674
8363872,2.35673
6347193,1.77536
9667593,2.7634
4681559,1.26378
5778418,1.61681
3739081,1.02055
1275702,0.315139
5164917,1.42847
8721362,2.45998
7782273,2.19457
416335,0.0961459
1628550,0.409948
8826996,2.52597
663551,0.162463
1296335,0.325418
1136952,0.283117
5139651,1.41181
5301564,1.48924
2056892,0.543099
7926403,2.23744
5755905,1.58922
3560932,0.961877
504858,0.120658
8172544,2.3032
2517396,0.659509
5367745,1.47704
891911,0.2163
8061600,2.2752
3094655,0.8315
1347536,0.337171
7432383,2.10861
9832760,2.90908
7389206,2.14007
1722580,0.459312
6963488,1.98263
3985986,1.0939
1222761,0.311057
9618284,2.76341
1564944,0.402034
2632253,0.689414
9297365,2.64884
2256011,0.588864
5423513,1.50614
758586,0.182471
6530210,1.83562
5364588,1.47476
6180429,1.71035
6312354,1.7204
9872227,2.78189
4097356,1.09661
702196,0.170057
5454311,1.5134
1356073,0.334885
5595928,1.53535
629349,0.150106
7655159,2.14838
7524958,2.08673
4295393,1.15025
7430833,2.08702
4424589,1.20845
8352607,2.36472
5009608,1.40468
3662019,0.998336
6282138,1.78047
8709613,2.47088
4496369,1.24764
8366440,2.42627
9769802,2.80217
8780724,2.58106
3654629,1.00629
7189304,2.12345
486287,0.118269
1882474,0.496916
7784123,2.2806
9538947,2.7928
9328324,2.66639
9246068,2.85915
5775884,1.61123
1200636,0.301562
564890,0.143568
6703494,1.86885
253715,0.0563446
5995654,1.67725
4175940,1.14505
5991395,1.69752
5318714,1.46239
4202329,1.11571
1614231,0.404591
628609,0.147168
4719429,1.29282
3453082,0.913859
1786336,0.45517
837979,0.204487
7010615,1.94205
828234,0.203799
2204164,0.572759
59287,0.011625
5796930,1.607
4975475,1.34914
5357092,1.463
3415964,0.911903
8810597,2.47108
9045079,2.55813
6290175,1.75726
678400,0.166142
598724,0.138905
5145512,1.39273
9619052,2.74091
4501190,1.20484
6231339,1.72192
3217901,0.853028
1454915,0.370412
9030965,2.58761
6314750,1.76931
4234828,1.14125
1481706,0.375354
4505360,1.23094
2651099,0.69649
9787795,2.81063
3254594,0.868012
2263281,0.59343
4653771,1.27287
43992,0.00871811
2993010,0.796831
662018,0.159737
4554511,1.22775
4010731,1.07831
3061256,0.812952
2483798,0.643013
682528,0.161516
8651202,2.45949
2669876,0.709478
8295294,2.39032
3910941,1.03938
5811153,1.60082
9667685,2.75119
7142082,1.98416
4918429,1.32317
9843085,2.81579
3433879,0.909986
9361156,2.67489
4428647,1.22092
1699849,0.428659
2707547,0.715093
9108541,2.57558
5713437,1.57875
5111776,1.39524
856361,0.207331
4754540,1.28673
3062042,0.807582
6455293,1.78031
5093067,1.38248
5837186,1.59133
1916124,0.489503
1704243,0.426258
7211569,2.00838
8022763,2.24647
7709838,2.16874
5276190,1.44067
3895131,1.02888
5395940,1.46186
858331,0.204045
6789364,1.88904
5069196,1.37572
4767894,1.30523
9880830,2.78622
3036380,0.803234
2652446,0.687245
6054171,1.64565
965833,0.23422
6962993,1.9408
549287,0.127232
1545274,0.380322
9691175,2.99186
1235202,0.360326
4979697,1.5969
6306355,2.04772
2821311,0.869659
6509991,2.11868
745319,0.210416
5718474,1.83732
7947259,2.60414
5247130,1.70207
1484611,0.44084
8470487,2.8076
7951885,2.61162
8282347,2.73693
3719585,1.08396
7268825,2.02418
9821237,2.80606
5955188,1.64994
7888189,2.22919
9470510,2.73868
4908894,1.32984
879987,0.216332
6038494,1.66279
7167280,2.00454
3386535,0.921186
8262167,2.33286
8792751,2.48979
9793528,2.77825
6398247,1.76261
9869074,2.86048
291987,0.0682108
3718463,1.00367
4105528,1.0968
8028933,2.22861
984295,0.240282
9391910,2.69453
9780681,2.82088
2402975,0.62661
2904321,0.768918
8442721,2.42078
1476534,0.375054
9739165,2.75968
6196529,1.71663
5922400,1.66167
3236167,0.859236
2446940,0.626211
9232593,2.60325
9774061,2.75542
2871880,0.753744
1323104,0.32546
9578236,2.72554
9242301,2.61697
6934109,1.93822
8940864,2.54561
9983222,2.83015
469933,0.107922
436908,0.104434
6393213,1.78009
9707074,2.74873
7299246,2.03942
3133586,0.814355
7351653,2.04189
7282395,2.01065
1935734,0.48928
5394635,1.46139
4265109,1.15326
5172302,1.42958
9668532,2.7208
886309,0.223296
3727433,0.976655
6559538,1.85862
9907321,2.80886
6998384,1.93791
3589470,0.955234
3950809,1.0428
6226885,1.70574
1094173,0.270279
7940773,2.21237
7994031,2.2447
3916598,1.05252
5864688,1.60706
2985303,0.776439
6500160,1.82157
1321532,0.332214
5984785,1.68064
8463177,2.41514
2598540,0.674729
4718066,1.2832
1243420,0.308812
3846964,1.04656
7375783,2.02556
4611436,1.25542
5106390,1.38209
5440998,1.47381
3550720,0.94945
8260613,2.36822
4538992,1.24763
5894576,1.6574
9561794,2.71178
9056138,2.62265
3696560,1.01461
2711040,0.727841
4474014,1.20515
804486,0.196247
6482789,1.79154
5962023,1.69369
3135686,0.849918
5539090,1.57841
2575758,0.687995
6453828,1.79939
2691986,0.692685
7776205,2.17215
8230695,2.28174
4859412,1.31182
2473658,0.671275
1019353,0.257237
2787520,0.733291
9335548,2.68788
6110396,1.66916
8852506,2.50343
834950,0.204507
7187941,2.02207
9390349,2.62465
9934133,2.79317
3114255,0.814202
5585724,1.53335
2426922,0.628633
3937339,1.06852
1931339,0.507907
4248471,1.14597
3266896,0.873011
8713027,2.40014
9534073,2.68095
2317938,0.60002
5808144,1.60383
3606007,0.973207
4314814,1.15743
2632570,0.671981
5362568,1.47168
3616311,0.961456
2333163,0.601887
6033211,1.6483
6465186,1.75192
5671289,1.58047
8546066,2.39001
5215009,1.41932
5621855,1.54155
7506192,2.09651
411484,0.0974082
3781167,1.02164
5820539,1.61199
2099981,0.550203
3754635,1.02081
6132289,1.69199
9417371,2.68928
3526068,0.958628
8774632,2.48345
3729105,1.00135
5351175,1.46471
6844288,1.90131
7109853,1.99663
4860012,1.34731
9350039,2.62301
417800,0.0977781
692225,0.168886
3641469,0.97302
9066775,2.60979
6602805,1.82454
1907693,0.484725
5175231,1.42578
2418742,0.63372
4995273,1.35577
949035,0.23535
8994053,2.53788
8000602,2.24165
9603860,2.74865
6725792,1.86117
547235,0.127313
3253628,0.856844
4438993,1.21891
4016199,1.0648
3672460,0.961908
3596347,0.945153
5666521,1.56663
5138261,1.37676
2036129,0.518024
9517002,2.67606
5052303,1.36695
6730064,1.84648
1618582,0.413932
399987,0.0918439
7424273,2.0843
6778019,1.87019
5375039,1.44983
8104310,2.27432
5806773,1.59563
9088783,2.56948
5206373,1.42166
2593087,0.677731
6582032,1.88464
2118838,0.541799
5113493,1.43844
4045247,1.09618
8278496,2.33916
2864959,0.759067
6719290,1.87974
9589091,2.70288
707831,0.162728
125032,0.0267737
3367393,0.872904
2348516,0.611295
642287,0.152507
3725283,0.992058
5360136,1.46064
2886813,0.758866
7368065,2.0745
775073,0.193932
6652821,1.84667
8254290,2.28121
5321818,1.44731
5903038,1.63524
3937004,1.06791
8385461,2.37023
8134475,2.27576
6366930,1.76889
696673,0.169704
8201662,2.27824
6383958,1.77017
9277048,2.65667
3244009,0.847785
2942617,0.769464
6226205,1.67885
5851018,1.57705
1982513,0.50626
4533664,1.19452
4789312,1.29082
4648733,1.25408
9277184,2.61881
7411358,2.04154
3277711,0.861268
6316841,1.71588
8411958,2.33408
6845548,1.88684
2079946,0.519431
4781356,1.31915
948823,0.232153
9504551,2.67746
1866019,0.468448
1466959,0.373274
3704900,0.977313
4410946,1.18948
2102492,0.536611
3720274,0.974551
4652284,1.26317
9472922,2.63763
5211934,1.4116
8808739,2.45535
1844498,0.460204
1855966,0.463442
2395139,0.613914
7063192,1.93599
572116,0.135593
7274413,1.99692
428206,0.0987804
6467758,1.75799
5021911,1.3448
4522813,1.21484
7844645,2.16001
545248,0.128597
5396120,1.45703
9279323,2.60169
517835,0.124544
477471,0.110323
1379007,0.350351
6584617,1.80718
343591,0.0764516
8891117,2.48068
8086379,2.26017
28109,0.00540841
9909610,2.78598
2500064,0.636018
7627868,2.11303
5659919,1.5768
7077226,1.98939
8013921,2.33145
6713855,1.90531
353184,0.081806
6024918,1.7134
4901941,1.36475
6654313,1.88477
9734945,2.76414
9634902,2.7114
8996313,2.5537
5187353,1.40431
3021792,0.790593
3990253,1.06579
7477256,2.05732
2918497,0.751417
1675252,0.423144
1801978,0.451483
8152880,2.24249
3158453,0.838862
4679907,1.27458
2007301,0.514479
8379663,2.32925
7977357,2.21076
7345977,2.01928
5165261,1.40974
1008134,0.247536
3300874,0.866724
4556232,1.22414
3578421,0.94737
2924976,0.768276
2889849,0.774665
1946236,0.515751
9354200,2.70995
756634,0.189305
838382,0.213239
4894062,1.34251
6009659,1.638
2587328,0.703891
6225576,1.76687
3438124,0.931916
407351,0.0958447
2756178,0.740981
5259328,1.44205
6118569,1.69957
7009516,2.00068
408634,0.094189
3112356,0.847928
1102529,0.280279
2208077,0.580329
1360872,0.34974
4400122,1.21109
3271564,0.865358
2789386,0.739156
8616496,2.60573
6240176,1.74917
5602751,1.54238
1663930,0.415957
3738456,1.0179
7707509,2.21166
3546897,0.975343
4291179,1.17705
3975387,1.05901
6299412,1.75184
6678464,1.89043
381631,0.0883455
6813609,1.92747
7219348,1.97298
9266525,2.5695
2790034,0.737769
2596851,0.673151
3976106,1.04046
8089896,2.23531
8435610,2.36327
8058057,2.2213
3461325,0.905372
8349211,2.32419
4794310,1.28158
1499304,0.378029
362905,0.0825347
1274190,0.308596
5712030,1.54845
9993657,2.8327
3835857,1.15265
4162081,1.32995
3456660,0.935586
2021223,0.498545
4955914,1.31029
3679250,0.936091
9991082,2.74511
5558430,1.48008
1473008,0.35726
2899582,0.735866
3363779,0.862396
2461630,0.627059
9134366,2.52642
5208575,1.37898
7442128,1.98517
730866,0.163502
5149281,1.3518
9067536,2.41923
6685161,1.80286
5265209,1.4112
5715155,1.52089
3473267,0.891443
2149278,0.528888
7602913,2.04956
1100614,0.268626
8605301,2.33835
9583030,2.61292
997373,0.233251
5515892,1.45249
7360155,2.00959
1720496,0.434759
9191418,2.52972
2456987,0.607577
8116861,2.20718
7023067,1.89191
4455747,1.18183
8324030,2.27265
1531367,0.376936
3289904,0.865244
8558315,2.31587
9231197,2.56459
1773652,0.451516
952345,0.235317
9181327,2.58501
4793474,1.29834
9442415,2.59205
7795880,2.12861
8929946,2.46587
3030619,0.775591
9393995,2.65437
9900927,2.75649
8419657,2.34055
1763642,0.453129
1643678,0.425166
8357228,2.34034
9092074,2.5409
1514229,0.364447
1132087,0.2727
8052361,2.26552
2862998,0.762055
1192589,0.293097
1743829,0.435584
3903300,1.02875
6195876,1.68817
1769942,0.435062
6769025,1.86647
249418,0.0529371
1634775,0.402756
7096711,1.89632
219113,0.0455808
3608668,0.926949
9764872,2.65568
6634761,1.81187
2658485,0.668233
2572506,0.646163
4629155,1.21005
5509675,1.46457
4864921,1.30475
2731565,0.694757
9616368,2.62182
3824141,0.982049
3057304,0.800623
4598070,1.21028
7084119,1.91331
9255006,2.53117
2849784,0.725807
3651747,0.938989
2193620,0.546036
8445071,2.2855
1120555,0.268116
2086221,0.517119
5336154,1.41027
5502166,1.47071
1113427,0.273835
7422779,2.04845
535979,0.124531
8635548,2.5051
7993409,2.17572
7622713,2.03925
9307945,2.55224
3343983,0.87909
1119261,0.273771
376958,0.084978
2915708,0.749755
6867736,1.83757
3378548,0.881675
6530197,1.7588
1112213,0.263201
2301489,0.574218
5078600,1.33632
5192100,1.4093
